[gd_scene load_steps=5 format=2]

[ext_resource path="res://Levels/Demo.gd" type="Script" id=1]

[sub_resource type="PrismMesh" id=1]
left_to_right = 0.0

[sub_resource type="CubeMesh" id=2]
size = Vector3( 2, 0.1, 0.75 )

[sub_resource type="CapsuleMesh" id=3]
radius = 0.3
mid_height = 0.9

[node name="Demo" type="Spatial"]
script = ExtResource( 1 )

[node name="Ramp" type="MeshInstance" parent="."]
mesh = SubResource( 1 )
material/0 = null

[node name="Boarder" type="MeshInstance" parent="Ramp"]
transform = Transform( 0.707107, 0.707107, 0, -0.707107, 0.707107, 0, 0, 0, 1, 0, 0, 0 )
mesh = SubResource( 2 )
material/0 = null

[node name="Dude" type="MeshInstance" parent="Ramp/Boarder"]
transform = Transform( 0.707107, 0.707107, 0, 2.98023e-08, -2.98023e-08, -1, -0.707107, 0.707107, -4.37114e-08, 0, 0.7, 0 )
mesh = SubResource( 3 )
material/0 = null

[node name="Camera" type="Camera" parent="."]
transform = Transform( 1, 0, 0, 0, 0.965926, 0.258819, 0, -0.258819, 0.965926, 0, 2, 4 )
